255 0 0 255
255 36 0 255
255 127 0 255
255 255 0 255
0 200 0 255
0 255 255 255
0 127 255 255                  
0 0 255 255
255 255 255 64
DIV: Standard

255 0 0 178
255 36 0 178
255 127 0 178
255 255 0 178
124 252 0 178
135 206 250 178
30 144 255 178
0 0 255 178
255 230 250 5
DIV: Transparent Standard

244 224 200 255
200 235 125 255
138 178 141 255
112 128 144 255
178 169 231 255
224 143 244 255
236 131 173 255
255 154 108 255
255 215 99 255
DIV: Softs

180 34 34 255 
128 0 0 255
190 190 225 255 //Light Grey-blue
61 89 171 255
0 36 85 255
0 129 59 255 
110 139 61 255
34 69 69 255
75 0 130 178
DIV: Truenos Specials 1

255 231 186 255
210 180 140 255 //Tan
218 165 32 255
139 90 0 255
101 90 78 255
139 125 107 255
255 0 128 255
128 0 128 255
75 0 130 255
DIV: Truenos Specials 2

249 249 249 255
213 204 197 255
186 184 180 255
167 164 160 255
135 131 126 255
105 101 97 255
66 64 62 255
21 20 19 255
66 64 62 178
DIV: New Greyscale

205 170 125 255 
190 150 92 255
186 138 67 255
136 101 49 255
116 81 29 255
81 61 30 255
107 66 38 255
100 50 0 255
149 79 10 255
DIV: Browns
